anime({
  targets: "#landing-blob path",
  d: [
    {value: 'M646.458 1H1V508.05C1 508.05 330.138 627.316 361.256 497.262C373.965 444.146 381.105 382.081 406.288 332.118C444.892 255.528 549.737 330.94 624.443 275.687C721.194 204.128 646.458 1 646.458 1Z'},
    {value: 'M646.458 1H1V508.05C1 508.05 297.746 614.944 361.256 497.262C390 444 395 388 406.288 332.118C423.27 248.047 544.164 322.475 624.443 275.687C732 213 646.458 1 646.458 1Z'},
    {value: 'M646.458 1H1V508.05C1 508.05 282.49 613.682 346 496C374.744 442.738 356.665 360.186 406.288 332.118C456 304 533 313 624.443 275.687C739.708 228.653 646.458 1 646.458 1Z'},
    {value: 'M646.458 1H1V508.05C1 508.05 251.442 590.558 346 496C393 449 364.377 363.068 414 335C463.712 306.882 528.557 302.313 620 265C735.265 217.966 646.458 1 646.458 1Z'},
    {value: 'M646.458 1H1V508.05C1 508.05 234.442 597.558 329 503C376 456 357.377 348.068 407 320C456.712 291.882 541.821 301.48 630 257C743 200 646.458 1 646.458 1Z'},
    {value: 'M646.458 1H1V508.05C1 508.05 252 557 329 503C383.42 464.836 350.186 324.734 407 320C467 315 536.729 307.908 616 249C725 168 646.458 1 646.458 1Z'},
    {value: 'M646.458 1H1V508.05C1 508.05 252 557 329 503C383.42 464.836 362.85 293.379 416 314C599 385 636.458 267 646.458 219C674.156 86.0532 646.458 1 646.458 1Z'},
    {value: 'M646.458 1H1V508.05C1 508.05 252 557 329 503C383.42 464.836 359.054 311.282 416 314C646.458 325 653 242 663 194C690.697 61.0532 646.458 1 646.458 1Z'}
  ],
  easing: 'easeInOutSine',
  duration: 22000,
  loop: true,
  direction: 'alternate',
  delay: 0
});
anime({
  targets: "#landing-blob-2 path",
  d: [
    {value: 'M646.458 1H1V508.05C1 508.05 330.138 627.316 361.256 497.262C373.965 444.146 381.105 382.081 406.288 332.118C444.892 255.528 549.737 330.94 624.443 275.687C721.194 204.128 646.458 1 646.458 1Z'},
    {value: 'M646.458 1H1V508.05C1 508.05 243.467 560.573 361.256 497.262C425 463 413 403 406.288 332.118C398.202 246.731 607.294 289.253 682 234C778.751 162.441 646.458 1 646.458 1Z'},
    {value: 'M646.458 1H1V508.05C1 508.05 220.211 600.311 338 537C401.744 502.738 505.374 431.645 465 373C405.712 286.882 628 332.118 682 234C740.022 128.573 646.458 1 646.458 1Z'},
    {value: 'M646.458 1H1V508.05C1 508.05 341.908 670.668 338 537C333 366 442.485 440.545 465 373C547 127 628 332.118 682 234C740.022 128.573 646.458 1 646.458 1Z'},
    {value: 'M646.458 1H1V508.05C1 508.05 341.908 670.668 338 537C333 366 448.753 442.321 465 373C510 181 556 229 661 172C766.76 114.587 646.458 1 646.458 1Z'},
    {value: 'M646.458 1H1V508.05C1 508.05 333.908 605.668 330 472C325 301 496 390 448 326C329.678 168.238 514 246 619 189C724.76 131.587 646.458 1 646.458 1Z'},
    {value: 'M646.458 1H1V508.05C1 508.05 333.908 579.668 330 446C325 275 446.603 379.356 467 302C520 101 566 200 619 189C736.828 164.545 646.458 1 646.458 1Z'},
    {value: 'M646.458 1H1V508.05C1 508.05 311.088 548.381 330 416C354 248 359 262 429 269C523.785 278.478 564 257 597 220C677.099 130.192 646.458 1 646.458 1Z'}
  ],
  scale: 1.1,
  easing: 'easeInOutSine',
  duration: 22000,
  loop: true,
  direction: 'alternate',
  delay: 0
});
anime({
  targets: "#footer-blob-2 path",
  d: [
    {value: 'M473 344H35C-42 252 23 120 102 186C160.01 234.464 317 202 330 61C340.4 -51.8 473 12 473 100V344Z'},
    {value: 'M469 323H31C-46 231 43 165 98 165C162.9 165 238.741 217.75 268 74C291 -39 469 -8.99993 469 79.0001V323Z'},
    {value: 'M473 318H35C-42 226 22.7803 107.187 102 160C156 196 332.803 202.503 272 69C226 -32 473 -13.9999 473 74.0001V318Z'},
    {value: 'M461 327H23C-54 235 90 264.21 90 169C90 -7 232 222 260 78C283.86 -44.7058 461 -4.99998 461 83.0001V327Z'},
    {value: 'M459 348H21C-56 256 116 281 88 190C65.7698 117.752 288 209 316 65C339.86 -57.7058 459 16.0001 459 104V348Z'},
    {value: 'M474 345H36C-41 253 21 201 103 187C177.513 174.278 386.505 192.266 331 62C282 -53 474 13 474 101V345Z'}
  ],
  easing: 'easeInOutSine',
  duration: 22000,
  loop: true,
  direction: 'alternate',
  delay: 0
});
anime({
  targets: "#footer-blob path",
  d: [
    {value: 'M473 344H35C-42 252 23 120 102 186C160.01 234.464 317 202 330 61C340.4 -51.8 473 12 473 100V344Z'},
    {value: 'M474 345H36C-41 253 21 201 103 187C177.513 174.278 386.505 192.266 331 62C282 -53 474 13 474 101V345Z'},
    {value: 'M459 348H21C-56 256 116 281 88 190C65.7698 117.752 288 209 316 65C339.86 -57.7058 459 16.0001 459 104V348Z'},
    {value: 'M461 327H23C-54 235 90 264.21 90 169C90 -7 232 222 260 78C283.86 -44.7058 461 -4.99998 461 83.0001V327Z'},
    {value: 'M473 318H35C-42 226 22.7803 107.187 102 160C156 196 332.803 202.503 272 69C226 -32 473 -13.9999 473 74.0001V318Z'},
    {value: 'M469 323H31C-46 231 43 165 98 165C162.9 165 238.741 217.75 268 74C291 -39 469 -8.99993 469 79.0001V323Z'}
  ],
  easing: 'easeInOutSine',
  duration: 22000,
  loop: true,
  direction: 'alternate',
  delay: 0
});
anime({
  targets: "#resume-blob-2 path",
  d: [
    {value: 'M318 745V67.9999C214 -17 60 -27.5002 35 72.9999C10 173.5 113 205.999 103 234.999C93 263.999 20 276 2 337C-16 398 142 436 133 501C124 566 67 623 59 673C51 723 111.145 795.303 149 810C234 843 277.667 775.333 318 745Z'},
    {value: 'M302 732V54.9999C198 -30 117 -1.20914 66.5 45C16 91.2092 33.5 197 87 221.999C190.464 270.346 12.5 233.5 1.50001 370C-3.60873 433.395 95 451.5 117 488C168.849 574.022 65.5 555 31 668C6.52874 748.152 93.1477 789.203 133 797C225 815 261.667 762.333 302 732Z'},
    {value: 'M317 771V93.9999C213 8.99993 110 -36.9999 55 42C3.05176e-05 121 83.466 236.556 102 260.999C171 352 -30 322 5.00002 408C28.9745 466.909 117.627 462.973 132 527C154 625 42.4324 537.976 5.00002 679C-16.5 760 108.148 828.203 148 836C240 854 276.667 801.333 317 771Z'},
    {value: 'M314 737V59.9999C210 -25 86 -14 31 64.9999C-24 144 109 197.999 99 226.999C89 255.999 20 313 2 374C-16 435 138 428 129 493C120 558 63 615 55 665C47 715 104.809 807.805 145 802C235 789 273.667 767.333 314 737Z'},
    {value: 'M315 741V63.9999C211 -21 156 -16 79.5 54C2.99999 124 46.5 206 100 230.999C203.464 279.346 -41.5 282.5 7.5 417C29.2706 476.758 115.627 432.973 130 497C152 595 40.4324 549.976 3 691C-18.5 772 106.148 798.203 146 806C238 824 274.667 771.333 315 741Z'},
    {value: 'M346 771V93.9999C242 8.99993 139 -36.9999 84 42C29 121 141 231.999 131 260.999C121 289.999 -75 297 34 408C78.5615 453.379 170 462 161 527C152 592 42 629 34 679C26 729 136.809 841.805 177 836C267 823 305.667 801.333 346 771Z'}
  ],
  easing: 'easeInOutSine',
  duration: 22000,
  loop: true,
  direction: 'alternate',
  delay: 0
});
anime({
  targets: "#resume-blob path",
  d: [
    {value: 'M318 745V67.9999C214 -17 60 -27.5002 35 72.9999C10 173.5 113 205.999 103 234.999C93 263.999 20 276 2 337C-16 398 142 436 133 501C124 566 67 623 59 673C51 723 111.145 795.303 149 810C234 843 277.667 775.333 318 745Z'},
    {value: 'M314 737V59.9999C210 -25 86 -14 31 64.9999C-24 144 109 197.999 99 226.999C89 255.999 20 313 2 374C-16 435 138 428 129 493C120 558 63 615 55 665C47 715 104.809 807.805 145 802C235 789 273.667 767.333 314 737Z'},
    {value: 'M346 771V93.9999C242 8.99993 139 -36.9999 84 42C29 121 141 231.999 131 260.999C121 289.999 -75 297 34 408C78.5615 453.379 170 462 161 527C152 592 42 629 34 679C26 729 136.809 841.805 177 836C267 823 305.667 801.333 346 771Z'},
    {value: 'M317 771V93.9999C213 8.99993 110 -36.9999 55 42C3.05176e-05 121 83.466 236.556 102 260.999C171 352 -30 322 5.00002 408C28.9745 466.909 117.627 462.973 132 527C154 625 42.4324 537.976 5.00002 679C-16.5 760 108.148 828.203 148 836C240 854 276.667 801.333 317 771Z'},
    {value: 'M315 741V63.9999C211 -21 156 -16 79.5 54C2.99999 124 46.5 206 100 230.999C203.464 279.346 -41.5 282.5 7.5 417C29.2706 476.758 115.627 432.973 130 497C152 595 40.4324 549.976 3 691C-18.5 772 106.148 798.203 146 806C238 824 274.667 771.333 315 741Z'},
    {value: 'M302 732V54.9999C198 -30 117 -1.20914 66.5 45C16 91.2092 33.5 197 87 221.999C190.464 270.346 12.5 233.5 1.50001 370C-3.60873 433.395 95 451.5 117 488C168.849 574.022 65.5 555 31 668C6.52874 748.152 93.1477 789.203 133 797C225 815 261.667 762.333 302 732Z'}
  ],
  easing: 'easeInOutSine',
  duration: 22000,
  loop: true,
  direction: 'alternate',
  delay: 0
});
anime({
  targets: "#portfolio-blob-2 path",
  d: [
    {value: 'M400 1H25C15.6667 5.66667 -2 20.6 2 43C7 71 47 76 83 54C119 32 148.827 53.9344 146 115C141 223 250 224 278 218C347 203.214 315 48 336 54C357 60 346 118 394 115C432.4 112.6 414 38 400 1Z'},
    {value: 'M399.58 1H24.58C15.2467 5.66667 -2.41996 20.6 1.58004 43C6.58004 71 41 107.5 77 85.5C113 63.5 148.407 53.9344 145.58 115C140.58 223 256.488 206.459 276 185.5C335.58 121.5 314.58 48 335.58 54C356.58 60 366.5 146.5 418 115C449.239 95.8924 413.58 38 399.58 1Z'},
    {value: 'M398.58 1H23.58C14.2467 5.66667 0.580048 20.2457 0.580048 43C0.580041 141 63.5 108.5 83 92C115.207 64.7477 117.707 60.0925 144.58 115C183 193.5 247.572 193.728 275 185.5C355 161.5 313.58 48 334.58 54C355.58 60 383 100 405.5 86C432.232 69.3669 412.58 38 398.58 1Z'},
    {value: 'M398.58 1H23.58C14.2467 5.66667 0.580048 20.2457 0.580048 43C0.580041 141 63.5 108.5 83 92C115.207 64.7477 117.707 60.0925 144.58 115C183 193.5 266.804 212.938 275 185.5C298 108.5 322.202 89.4198 338 104.5C349 115 394.502 110.11 405.5 86C418.5 57.5 412.58 38 398.58 1Z'},
    {value: 'M398.58 1H23.58C14.2467 5.66667 0.580048 20.2457 0.580048 43C0.580041 141 83 190 83 92C83 49.81 117.707 60.0925 144.58 115C183 193.5 223.804 190.938 232 163.5C255 86.5 322.202 89.4198 338 104.5C349 115 391.502 139.11 402.5 115C415.5 86.5 412.58 38 398.58 1Z'},
    {value: 'M398.58 1H23.58C14.2467 5.66667 0.580048 20.2457 0.580048 43C0.580041 141 67 108 83 92C118 57 117.707 60.0925 144.58 115C183 193.5 184.5 86 232 163.5C273.994 232.016 322.202 89.4198 338 104.5C349 115 394.502 110.11 405.5 86C418.5 57.5 412.58 38 398.58 1Z'}
  ],
  easing: 'easeInOutSine',
  duration: 22000,
  loop: true,
  direction: 'alternate',
  delay: 0
});
anime({
  targets: "#portfolio-blob path",
  d: [
    {value: 'M400 1H25C15.6667 5.66667 -2 20.6 2 43C7 71 47 76 83 54C119 32 148.827 53.9344 146 115C141 223 250 224 278 218C347 203.214 315 48 336 54C357 60 346 118 394 115C432.4 112.6 414 38 400 1Z'},
    {value: 'M398.58 1H23.58C14.2467 5.66667 0.580048 20.2457 0.580048 43C0.580041 141 83 190 83 92C83 49.81 117.707 60.0925 144.58 115C183 193.5 223.804 190.938 232 163.5C255 86.5 322.202 89.4198 338 104.5C349 115 391.502 139.11 402.5 115C415.5 86.5 412.58 38 398.58 1Z'},
    {value: 'M398.58 1H23.58C14.2467 5.66667 0.580048 20.2457 0.580048 43C0.580041 141 63.5 108.5 83 92C115.207 64.7477 117.707 60.0925 144.58 115C183 193.5 266.804 212.938 275 185.5C298 108.5 322.202 89.4198 338 104.5C349 115 394.502 110.11 405.5 86C418.5 57.5 412.58 38 398.58 1Z'},
    {value: 'M398.58 1H23.58C14.2467 5.66667 0.580048 20.2457 0.580048 43C0.580041 141 67 108 83 92C118 57 117.707 60.0925 144.58 115C183 193.5 184.5 86 232 163.5C273.994 232.016 322.202 89.4198 338 104.5C349 115 394.502 110.11 405.5 86C418.5 57.5 412.58 38 398.58 1Z'},
    {value: 'M399.58 1H24.58C15.2467 5.66667 -2.41996 20.6 1.58004 43C6.58004 71 41 107.5 77 85.5C113 63.5 148.407 53.9344 145.58 115C140.58 223 256.488 206.459 276 185.5C335.58 121.5 314.58 48 335.58 54C356.58 60 366.5 146.5 418 115C449.239 95.8924 413.58 38 399.58 1Z'},
    {value: 'M398.58 1H23.58C14.2467 5.66667 0.580048 20.2457 0.580048 43C0.580041 141 63.5 108.5 83 92C115.207 64.7477 117.707 60.0925 144.58 115C183 193.5 247.572 193.728 275 185.5C355 161.5 313.58 48 334.58 54C355.58 60 383 100 405.5 86C432.232 69.3669 412.58 38 398.58 1Z'}
  ],
  easing: 'easeInOutSine',
  duration: 22000,
  loop: true,
  direction: 'alternate',
  delay: 0
});
var mybutton = document.getElementById("btn-btt");
window.onscroll = function() {scrollFunction()};
function scrollFunction() {
  if (document.body.scrollTop > 700 || document.documentElement.scrollTop > 700) {
    mybutton.style.display = "block";
  } else {
    mybutton.style.display = "none";
  }
}
function topFunction() {
  document.body.scrollTop = 0;
  document.documentElement.scrollTop = 0;
}
$(document).ready(function(){

  $(".filter-button").click(function(){
    var value = $(this).attr('data-filter');

    if(value == "all")
    {
      //$('.filter').removeClass('hidden');
      $('.filter').show('1000');
    }
    else
    {
      //            $('.filter[filter-item="'+value+'"]').removeClass('hidden');
      //            $(".filter").not('.filter[filter-item="'+value+'"]').addClass('hidden');
      $(".filter").not('.'+value).hide('3000');
      $('.filter').filter('.'+value).show('3000');

    }
  });

  if ($(".filter-button").removeClass("active")) {
    $(this).removeClass("active");
  }
  $(this).addClass("active");

});
$(function() {
  $('.popup').on('click', function() {
    $('.imagepreview').attr('src', $(this).find('img').attr('src'));
    $('#imagemodal').modal('show');
  });
});
